0,451
0,450
0,449
0,448
41,4
41,3
41,2
41,1
41,0
40,3
40,2
40,1
40,0
0,447
0,446
39,5
0,445
0,444
39,4
39,3
39,2
39,1
39,0
0,443
0,442
38,4
38,3
38,2
38,1
38,0
0,441
0,440
37,4
37,3
37,2
37,1
37,0
0,439
0,438
36,4
0,437
0,436
0,435
36,3
36,2
0,434
36,1
36,0
0,433
0,432
0,431
0,430
0,429
0,428
0,427
0,426
0,425
0,424
0,423
0,422
0,421
0,420
0,419
35,4
35,3
35,2
0,418
35,1
35,0
0,417
0,416
34,3
34,2
0,415
34,1
34,0
0,414
0,413
0,412
0,411
0,410
0,409
33,4
33,3
33,2
0,408
33,1
33,0
0,407
0,406
32,3
32,2
0,405
32,1
32,0
0,404
0,403
0,402
31,4
31,3
31,2
0,401
31,1
31,0
0,400
0,399
30,3
30,2
0,398
30,1
30,0
0,397
0,396
0,395
0,278
0,394
0,393
0,392
0,391
0,390
29,3
29,2
29,1
29,0
23,35
0,389
0,388
28,5
0,387
0,386
0,385
28,4
28,3
28,2
28,1
28,0
27,4
27,3
27,2
27,1
27,0
0,384
0,319
0,318
26,4
26,3
26,2
26,1
26,0
0,317
